DSCH3
VERSION 4/10/2017 2:13:27 PM
BB(30,0,84,25)
SYM  #clock
BB(30,7,45,13)
TITLE 35 10  #clock1
MODEL 69
PROP   10.00 10.00                                                                                                                               
REC(32,8,6,4,r)
VIS 1
PIN(45,10,1.500,0.070)clk1
LIG(40,10,45,10)
LIG(35,8,33,8)
LIG(39,8,37,8)
LIG(40,7,40,13)
LIG(30,13,30,7)
LIG(35,12,35,8)
LIG(37,8,37,12)
LIG(37,12,35,12)
LIG(33,12,31,12)
LIG(33,8,33,12)
LIG(40,13,30,13)
LIG(40,7,30,7)
FSYM
SYM  #clock
BB(30,17,45,23)
TITLE 35 20  #clock2
MODEL 69
PROP   20.00 20.00                                                                                                                               
REC(32,18,6,4,r)
VIS 1
PIN(45,20,1.500,0.070)clk2
LIG(40,20,45,20)
LIG(35,18,33,18)
LIG(39,18,37,18)
LIG(40,17,40,23)
LIG(30,23,30,17)
LIG(35,22,35,18)
LIG(37,18,37,22)
LIG(37,22,35,22)
LIG(33,22,31,22)
LIG(33,18,33,22)
LIG(40,23,30,23)
LIG(40,17,30,17)
FSYM
SYM  #xor2
BB(45,5,80,25)
TITLE 62 15  #xor2_1
MODEL 602
PROP                                                                                                                                   
REC(0,0,0,0, )
VIS 0
PIN(45,10,0.000,0.000)a
PIN(45,20,0.000,0.000)b
PIN(80,15,0.090,0.070)out
LIG(53,22,49,25)
LIG(57,22,53,25)
LIG(73,15,80,15)
LIG(72,17,69,21)
LIG(73,15,72,17)
LIG(72,13,73,15)
LIG(69,9,72,13)
LIG(64,6,69,9)
LIG(69,21,64,24)
LIG(64,24,53,25)
LIG(53,5,64,6)
LIG(59,18,57,22)
LIG(53,5,57,8)
LIG(57,8,59,12)
LIG(59,12,60,15)
LIG(60,15,59,18)
LIG(49,5,53,8)
LIG(53,8,55,12)
LIG(55,12,56,15)
LIG(56,15,55,18)
LIG(55,18,53,22)
LIG(45,10,54,10)
LIG(45,20,54,20)
VLG  xor xor2(out,a,b);
FSYM
SYM  #light
BB(78,0,84,14)
TITLE 80 14  #light1
MODEL 49
PROP                                                                                                                                   
REC(79,1,4,4,r)
VIS 1
PIN(80,15,0.000,0.000)out1
LIG(83,6,83,1)
LIG(83,1,82,0)
LIG(79,1,79,6)
LIG(82,11,82,8)
LIG(81,11,84,11)
LIG(81,13,83,11)
LIG(82,13,84,11)
LIG(78,8,84,8)
LIG(80,8,80,15)
LIG(78,6,78,8)
LIG(84,6,78,6)
LIG(84,8,84,6)
LIG(80,0,79,1)
LIG(82,0,80,0)
FSYM
FFIG example
